Airbus A300;1972;336;3;911;142;147,05
Airbus A310;1982;218;2;950;150;143,27
Airbus A320;1985;179;2;950;66;111,52
Antonov An-24;1960;50;5;450;21;95,14
BAC VC-10;1962;180;5;915;152;130,17
BAe (HS) 748;1960;58;2;452;21;95,39
BAe /BAC/ One-Eleven 475;1967;119;2;742;44;86,64
BAe 146;1981;111;2;709;42,184;86,98
Boeing 707;1954;219;3;866;151;135,33
Boeing 727;1962;189;3;953;83;100,34
Boeing 737;1967;149;2;856;52;86,40
Boeing 747;1969;516;3;955;322;182,92
Concorde;1970;144;3;2179;185;78,02
DHC-5 Buffalo;1964;40;3;467;22;89,02
DHC-6 Twin Otter;1965;20;2;338;5;60,38
DHC-7 Dash 7;1975;54;2;420;21;86,35
DHC-8 Dash 8;1983;40;2;497;14,968;79,65
Dornier 228;1981;19;2;428;6,5;55,02
Fokker F27 Friendship;1955;52;2;480;20,82;69,37
Fokker F28 Fellowship;1967;85;3;843;33;76,46
Iljusin Il-18 Moszkva;1957;85;4;675;64;109,43
Iljusin Il-62;1963;186;5;820;162;131,37
Iljusin Il-86;1976;350;5;950;206;146,47
Jakovlev Jak-40;1966;32;3;550;16;76,23
Jakovlev Jak-42;1975;120;2;810;54;107,81
Lockheed L-1011 Tristar;1970;400;3;964;195;144,07
McDonnell Douglas DC-8;1958;251;5;965;251;139,72
McDonnell Douglas DC-9;1965;172;3;907;54;86,72
McDonnell Douglas DC-10;1970;345;5;940;199;144,07
Tupoljev Tu-134;1967;80;3;870;47;88,48
Tupoljev Tu-144;1968;140;2;2500;180;87,74
Tupoljev Tu-154;1968;169;3;975;98;122,98